$ANSIBLE_VAULT;1.1;AES256
39313464313833643837393163346261623636633939663533313464633634366530623538383665
3538303961616261396464353865613365396438366665630a353664323764623861373564636530
64396432333937393630623337633838643866633661373634616131346636343835633464383630
3539333965383734620a343737336436643039386361376330316139646365363131663231643464
66336266303364343363336136383964363436363164363934623932656237323731386366313333
61326530626532323634663438356265353232386339386532636630316131393239633463336263
38363330613939383332383537323830623964616262316333656131613966383163386562633262
63343332326335336531326431616331303732623863303064383030393832383737393265633836
64646566353638623739353366336636353063643962663562316564316463323838396564663261
38383761363061343264353632303161356366306365613636363535386536313366393666383531
63626462323066323330633066653133363262343765396230613931643166393339636238663832
33373564326633356337313264363461616134643833346564333735333634366532366435366133
36666366336262313138653739353234633765306564363561343039623638383462306264326434
6666323037326161613439336666353365323163393962353033
